10.1 481 69.41888246
10.2 648 75.00880158
10.1 925 79.60422577
10 1308	 81.55201719
10 1629	84.16768621
9.9 1906 84.81513578
10.1 2328 85.59725772
10.1 2681 86.16101771
9.8 3096 85.08938727
9.7 3505 88.84088114

15.2	409		68.78421619
15.1	1014		84.99644585
15.1	1498		81.84400294
15.2	1856		85.2392762
15.2	2225		94.52200012
15.4	2430		97.25340096
15.3	2729		95.01293427
15.1	3014		80.94285656
14.8	3545		89.10817553

20	382	               70.44237813
19.5	678		79.36059169
19.7	1135		95.11329625
19.5	1472		94.54716736
19.2	2445		92.71047499
19.3	2716	                89.38960949
19.1	3140	               88.38845883
18.9	3489		92.00687476

25.7	538		76.8033101
25.6	800		83.95656805
25.5	1137		88.46062315
25.5	1568		91.81592725
25.5	1756		91.5923545
25.4	2030		90.61855591
25.4	2309		94.36292516
25.3	2650		92.1648635
25.2	2945		95.25414029
25.1	3230		94.47693389
24.9	3520		93.51743476

31.8	255	        66.02092212
31.7	540	        71.59391534
31.8	661	        81.54078182
31.9	850	        86.99557125
31.9	1125	        90.53411799
31.7	1450	        92.02113829
31.7	1625	        92.52344204
31.5	1865	        93.07224546
31.6	2100	        92.91714753
31.5	2325	        94.01930706
31.6	2550	        93.11987865
31.5	2755	        91.90969712
31.7	3025	        92.69013555
31.5	3525	        93.97332733
31.5	3750	        93.64972249
31.5	4000	        95.40204265

35.2	468      	74.99410011
34.9	803		84.33120561
34.6	1155		88.92446194
34.6	1355		90.9147498
34.5	1671		93.14729672
34.5	2011		93.8128759
34.4	2456		91.64665709
34.6	2786		96.71150814
34.8	3091		96.82968889
34.5	3250		96.65913945
34.2	3601		95.50664731

41.5	327		66.20054807
40.6	682		82.15811298
40.4	1094		88.45943924
40.3	1451		91.49067118
40.2	1795		93.1196696
40.5	2145		94.23058728
40.9	2445		94.71107584
40.7	2675		95.23073527
40.6	2955		95.51868766
40.4	3280	        98.76435736
40.3	3608		97.49236216

45.1	488		72.22902345
45.2	850		82.6317686
45.1	1485		89.23487544
45.1	1804		91.36292069
45.2	2375		93.62062162
45.1	2765		93.52591493
45.3	3215		94.17184355
45.1	3515		94.7659247
